68,4
68,3
68,2
68,1
68,0
67,4
67,3
67,2
67,1
67,0
66,4
66,3
66,2
66,1
66,0
65,4
65,3
65,2
0,498
65,1
65,0
64,4
64,3
64,2
64,1
64,0
63,4
63,3
63,2
63,1
63,0
62,4
62,3
62,2
62,1
62,0
61,4
61,3
61,2
61,1
61,0
0,497
0,496
0,495
0,494
0,493
0,492
0,491
0,490
0,489
0,488
0,487
60,4
60,3
60,2
0,486
60,1
60,0
0,485
0,484
0,483
0,482
59,4
59,3
59,2
0,481
59,1
59,0
0,480
0,479
0,478
58,4
58,3
58,2
0,477
58,1
58,0
0,476
0,475
0,474
0,473
0,472
57,4
57,3
57,2
0,471
0,243
57,1
57,0
0,470
0,469
0,468
56,4
56,3
56,2
0,467
56,1
56,0
55,4
55,3
55,2
55,1
55,0
54,4
54,3
54,2
54,1
54,0
53,4
53,3
53,2
53,1
53,0
52,4
52,3
52,2
52,1
52,0
51,4
51,3
51,2
51,1
51,0
50,4
50,3
50,2
50,1
50,0
49,4
49,3
49,2
49,1
49,0
0,466
48,4
48,3
48,2
0,465
48,1
48,0
0,464
0,463
0,462
0,461
